f1_1000 = 0.854831954281885
f1_2000 = 0.9062414059951777
f1_3000 = 0.9123329139550777
f1_4000 = 0.9198250072377521
loss_1000 = 0.12745463060390236
loss_2000 = 0.08515753128971809
loss_3000 = 0.07468767881902874
loss_4000 = 0.06806292068690825
precision_1000 = 0.8158351345749564
precision_2000 = 0.8897337686801456
precision_3000 = 0.8944923107749336
precision_4000 = 0.9082725586359363
recall_1000 = 0.8977440081325183
recall_2000 = 0.9233731705091947
recall_3000 = 0.9308996598417808
recall_4000 = 0.9316751163184716
