f1_1000 = 0.8664641462231638
f1_2000 = 0.8918280104228385
f1_3000 = 0.9060246253575325
f1_4000 = 0.9153505549450907
f1_5000 = 0.9151548113903889
loss_1000 = 0.12795133325477917
loss_2000 = 0.09395725829304281
loss_3000 = 0.07927843509400867
loss_4000 = 0.0718919874547183
loss_5000 = 0.07077021659717421
precision_1000 = 0.8466028135288836
precision_2000 = 0.8699521471630104
precision_3000 = 0.8952445357457287
precision_4000 = 0.9107140546764824
precision_5000 = 0.9067592188662783
recall_1000 = 0.8872797615935588
recall_2000 = 0.9148324358237047
recall_3000 = 0.9170674962095468
recall_4000 = 0.9200345061954306
recall_5000 = 0.9237073247242118
